   0.0000000e+00   3.5159440e+01
   5.0000000e-05   3.6067347e+01
   1.0000000e-04   3.4616546e+01
   1.5000000e-04   3.5574815e+01
   2.0000000e-04   3.5087741e+01
   2.5000000e-04   3.4826530e+01
   3.0000000e-04   3.4588651e+01
   3.5000000e-04   3.5061633e+01
   4.0000000e-04   3.5258081e+01
   4.5000000e-04   3.5112750e+01
   5.0000000e-04   3.5228581e+01
   5.5000000e-04   3.5222114e+01
   6.0000000e-04   3.4938008e+01
   6.5000000e-04   3.5560488e+01
   7.0000000e-04   3.4768798e+01
   7.5000000e-04   3.4050681e+01
   8.0000000e-04   3.4308346e+01
   8.5000000e-04   3.5810486e+01
   9.0000000e-04   3.4807836e+01
   9.5000000e-04   3.4570713e+01
   1.0000000e-03   3.4624981e+01
   1.0500000e-03   3.4666236e+01
   1.1000000e-03   3.4784039e+01
   1.1500000e-03   3.4780198e+01
   1.2000000e-03   3.4904373e+01
   1.2500000e-03   3.5666791e+01
   1.3000000e-03   3.5032900e+01
   1.3500000e-03   3.5572009e+01
   1.4000000e-03   3.5344324e+01
   1.4500000e-03   3.5150160e+01
   1.5000000e-03   3.4737791e+01
   1.5500000e-03   3.4794421e+01
   1.6000000e-03   3.4894877e+01
   1.6500000e-03   3.4436607e+01
   1.7000000e-03   3.5959794e+01
   1.7500000e-03   3.5441993e+01
   1.8000000e-03   3.4696882e+01
   1.8500000e-03   3.4562900e+01
   1.9000000e-03   3.4932217e+01
   1.9500000e-03   3.5337347e+01
   2.0000000e-03   3.4879407e+01
   2.0500000e-03   3.4424203e+01
   2.1000000e-03   3.4591809e+01
   2.1500000e-03   3.4987447e+01
   2.2000000e-03   3.5519937e+01
   2.2500000e-03   3.4977870e+01
   2.3000000e-03   3.5412440e+01
   2.3500000e-03   3.4766339e+01
   2.4000000e-03   3.4988164e+01
   2.4500000e-03   3.5062274e+01
   2.5000000e-03   3.4266952e+01
   2.5500000e-03   3.3984346e+01
   2.6000000e-03   3.5178737e+01
   2.6500000e-03   3.4931460e+01
   2.7000000e-03   3.5521823e+01
   2.7500000e-03   3.4971213e+01
   2.8000000e-03   3.4822572e+01
   2.8500000e-03   3.4760764e+01
   2.9000000e-03   3.5291494e+01
   2.9500000e-03   3.5224325e+01
   3.0000000e-03   3.5384568e+01
   3.0500000e-03   3.5875493e+01
   3.1000000e-03   3.5272719e+01
   3.1500000e-03   3.4234591e+01
   3.2000000e-03   3.5059796e+01
   3.2500000e-03   3.5670902e+01
   3.3000000e-03   3.4554281e+01
   3.3500000e-03   3.4989152e+01
   3.4000000e-03   3.4329911e+01
   3.4500000e-03   3.5167880e+01
   3.5000000e-03   3.4784476e+01
   3.5500000e-03   3.4303807e+01
   3.6000000e-03   3.5250420e+01
   3.6500000e-03   3.5952351e+01
   3.7000000e-03   3.5288078e+01
   3.7500000e-03   3.4921686e+01
   3.8000000e-03   3.6382732e+01
   3.8500000e-03   3.4700778e+01
   3.9000000e-03   3.5497680e+01
   3.9500000e-03   3.5342432e+01
   4.0000000e-03   3.5338656e+01
   4.0500000e-03   3.5035047e+01
   4.1000000e-03   3.4393715e+01
   4.1500000e-03   3.5302335e+01
   4.2000000e-03   3.5102901e+01
   4.2500000e-03   3.4370959e+01
   4.3000000e-03   3.6259027e+01
   4.3500000e-03   3.5708662e+01
   4.4000000e-03   3.5025541e+01
   4.4500000e-03   3.4496619e+01
   4.5000000e-03   3.4731114e+01
   4.5500000e-03   3.4871568e+01
   4.6000000e-03   3.5004623e+01
   4.6500000e-03   3.4625709e+01
   4.7000000e-03   3.4611925e+01
   4.7500000e-03   3.4781926e+01
   4.8000000e-03   3.4607838e+01
   4.8500000e-03   3.5530259e+01
   4.9000000e-03   3.4602966e+01
   4.9500000e-03   3.5290240e+01
   5.0000000e-03   3.5973881e+01
   5.0500000e-03   3.4586479e+01
   5.1000000e-03   3.5234814e+01
   5.1500000e-03   3.4734273e+01
   5.2000000e-03   3.4901956e+01
   5.2500000e-03   3.4395642e+01
   5.3000000e-03   3.5795559e+01
   5.3500000e-03   3.5052336e+01
   5.4000000e-03   3.4952061e+01
   5.4500000e-03   3.5013699e+01
   5.5000000e-03   3.4942808e+01
   5.5500000e-03   3.4538442e+01
   5.6000000e-03   3.4957185e+01
   5.6500000e-03   3.5481734e+01
   5.7000000e-03   3.5964205e+01
   5.7500000e-03   3.5041199e+01
   5.8000000e-03   3.3928390e+01
   5.8500000e-03   3.5648576e+01
   5.9000000e-03   3.4953440e+01
   5.9500000e-03   3.5616135e+01
   6.0000000e-03   3.5439202e+01
   6.0500000e-03   3.4949706e+01
   6.1000000e-03   3.4640824e+01
   6.1500000e-03   3.5628246e+01
   6.2000000e-03   3.4646531e+01
   6.2500000e-03   3.4726527e+01
   6.3000000e-03   3.5454684e+01
   6.3500000e-03   3.5182238e+01
   6.4000000e-03   3.4300553e+01
   6.4500000e-03   3.4927775e+01
   6.5000000e-03   3.4945929e+01
   6.5500000e-03   3.4947167e+01
   6.6000000e-03   3.5171130e+01
   6.6500000e-03   3.4382630e+01
   6.7000000e-03   3.4815996e+01
   6.7500000e-03   3.4383680e+01
   6.8000000e-03   3.5347242e+01
   6.8500000e-03   3.5540538e+01
   6.9000000e-03   3.4917955e+01
   6.9500000e-03   3.5171823e+01
   7.0000000e-03   3.5314351e+01
   7.0500000e-03   3.5219992e+01
   7.1000000e-03   3.5267126e+01
   7.1500000e-03   3.4911866e+01
   7.2000000e-03   3.5190930e+01
   7.2500000e-03   3.4433556e+01
   7.3000000e-03   3.5225008e+01
   7.3500000e-03   3.5550827e+01
   7.4000000e-03   3.4921068e+01
   7.4500000e-03   3.5004577e+01
   7.5000000e-03   3.5871461e+01
   7.5500000e-03   3.4911238e+01
   7.6000000e-03   3.5080558e+01
   7.6500000e-03   3.5337954e+01
   7.7000000e-03   3.4610284e+01
   7.7500000e-03   3.5126159e+01
   7.8000000e-03   3.5514187e+01
   7.8500000e-03   3.5190425e+01
   7.9000000e-03   3.5093406e+01
   7.9500000e-03   3.4277542e+01
   8.0000000e-03   3.4497055e+01
   8.0500000e-03   3.4084690e+01
   8.1000000e-03   3.4553690e+01
   8.1500000e-03   3.5145271e+01
   8.2000000e-03   3.4970001e+01
   8.2500000e-03   3.4565620e+01
   8.3000000e-03   3.6081223e+01
   8.3500000e-03   3.4736395e+01
   8.4000000e-03   3.5031386e+01
   8.4500000e-03   3.5001315e+01
   8.5000000e-03   3.5078851e+01
   8.5500000e-03   3.5389877e+01
   8.6000000e-03   3.3984091e+01
   8.6500000e-03   3.4311829e+01
   8.7000000e-03   3.4243271e+01
   8.7500000e-03   3.5173024e+01
   8.8000000e-03   3.4993493e+01
   8.8500000e-03   3.4991731e+01
   8.9000000e-03   3.5028487e+01
   8.9500000e-03   3.5502592e+01
   9.0000000e-03   3.4831374e+01
   9.0500000e-03   3.4268442e+01
   9.1000000e-03   3.4528111e+01
   9.1500000e-03   3.4485810e+01
   9.2000000e-03   3.4398428e+01
   9.2500000e-03   3.5033522e+01
   9.3000000e-03   3.4298828e+01
   9.3500000e-03   3.4876860e+01
   9.4000000e-03   3.5605651e+01
   9.4500000e-03   3.4439953e+01
   9.5000000e-03   3.4827326e+01
   9.5500000e-03   3.4553064e+01
   9.6000000e-03   3.4486601e+01
   9.6500000e-03   3.5633302e+01
   9.7000000e-03   3.4699057e+01
   9.7500000e-03   3.4446122e+01
   9.8000000e-03   3.4477458e+01
   9.8500000e-03   3.4653063e+01
   9.9000000e-03   3.5081767e+01
   9.9500000e-03   3.4608118e+01
   1.0000000e-02   3.5495171e+01
   1.0050000e-02   3.4879403e+01
   1.0100000e-02   3.5128834e+01
   1.0150000e-02   3.4444265e+01
   1.0200000e-02   3.4764862e+01
   1.0250000e-02   3.5137411e+01
   1.0300000e-02   3.4619451e+01
   1.0350000e-02   3.4640024e+01
   1.0400000e-02   3.4946754e+01
   1.0450000e-02   3.4970889e+01
   1.0500000e-02   3.4407976e+01
   1.0550000e-02   3.5081021e+01
   1.0600000e-02   3.5577344e+01
   1.0650000e-02   3.5750781e+01
   1.0700000e-02   3.4254441e+01
   1.0750000e-02   3.5694455e+01
   1.0800000e-02   3.5731224e+01
   1.0850000e-02   3.5180487e+01
   1.0900000e-02   3.4616922e+01
   1.0950000e-02   3.5285111e+01
   1.1000000e-02   3.5067146e+01
   1.1050000e-02   3.4462281e+01
   1.1100000e-02   3.4824282e+01
   1.1150000e-02   3.4815740e+01
   1.1200000e-02   3.5315283e+01
   1.1250000e-02   3.5049399e+01
   1.1300000e-02   3.4585484e+01
   1.1350000e-02   3.5517302e+01
   1.1400000e-02   3.5528027e+01
   1.1450000e-02   3.5041884e+01
   1.1500000e-02   3.5255630e+01
   1.1550000e-02   3.5154084e+01
   1.1600000e-02   3.5043373e+01
   1.1650000e-02   3.4223838e+01
   1.1700000e-02   3.5522658e+01
   1.1750000e-02   3.4542152e+01
   1.1800000e-02   3.4873202e+01
   1.1850000e-02   3.5313100e+01
   1.1900000e-02   3.5547820e+01
   1.1950000e-02   3.4349318e+01
   1.2000000e-02   3.4816358e+01
   1.2050000e-02   3.4354023e+01
   1.2100000e-02   3.5560153e+01
   1.2150000e-02   3.4899653e+01
   1.2200000e-02   3.4701133e+01
   1.2250000e-02   3.4029661e+01
   1.2300000e-02   3.4412010e+01
   1.2350000e-02   3.4751048e+01
   1.2400000e-02   3.5692272e+01
   1.2450000e-02   3.4940810e+01
   1.2500000e-02   3.4850515e+01
   1.2550000e-02   3.5093698e+01
   1.2600000e-02   3.4929562e+01
   1.2650000e-02   3.5058704e+01
   1.2700000e-02   3.5296472e+01
   1.2750000e-02   3.5026425e+01
   1.2800000e-02   3.5292742e+01
   1.2850000e-02   3.4933265e+01
   1.2900000e-02   3.4736263e+01
   1.2950000e-02   3.5481558e+01
   1.3000000e-02   3.5146373e+01
   1.3050000e-02   3.4630125e+01
   1.3100000e-02   3.4608639e+01
   1.3150000e-02   3.5849769e+01
   1.3200000e-02   3.5151058e+01
   1.3250000e-02   3.3903027e+01
   1.3300000e-02   3.4866001e+01
   1.3350000e-02   3.5465676e+01
   1.3400000e-02   3.5166064e+01
   1.3450000e-02   3.4711962e+01
   1.3500000e-02   3.5100702e+01
   1.3550000e-02   3.4027446e+01
   1.3600000e-02   3.5319199e+01
   1.3650000e-02   3.5441663e+01
   1.3700000e-02   3.4703431e+01
   1.3750000e-02   3.5110458e+01
   1.3800000e-02   3.5748743e+01
   1.3850000e-02   3.4792656e+01
   1.3900000e-02   3.5324523e+01
   1.3950000e-02   3.5034442e+01
   1.4000000e-02   3.5090385e+01
   1.4050000e-02   3.6183668e+01
   1.4100000e-02   3.5651287e+01
   1.4150000e-02   3.4628413e+01
   1.4200000e-02   3.4534199e+01
   1.4250000e-02   3.4380673e+01
   1.4300000e-02   3.5211868e+01
   1.4350000e-02   3.5736779e+01
   1.4400000e-02   3.4710799e+01
   1.4450000e-02   3.4817306e+01
   1.4500000e-02   3.5383284e+01
   1.4550000e-02   3.5309889e+01
   1.4600000e-02   3.5416409e+01
   1.4650000e-02   3.5278704e+01
   1.4700000e-02   3.4960991e+01
   1.4750000e-02   3.4842455e+01
   1.4800000e-02   3.4742065e+01
   1.4850000e-02   3.5007458e+01
   1.4900000e-02   3.4641906e+01
   1.4950000e-02   3.5023836e+01
   1.5000000e-02   3.4742270e+01
   1.5050000e-02   3.4545551e+01
   1.5100000e-02   3.5161546e+01
   1.5150000e-02   3.5376971e+01
   1.5200000e-02   3.6043858e+01
   1.5250000e-02   3.5520415e+01
   1.5300000e-02   3.4428029e+01
   1.5350000e-02   3.5310675e+01
   1.5400000e-02   3.4135421e+01
   1.5450000e-02   3.4904152e+01
   1.5500000e-02   3.4954038e+01
   1.5550000e-02   3.5096197e+01
   1.5600000e-02   3.5280575e+01
   1.5650000e-02   3.5276094e+01
   1.5700000e-02   3.4872465e+01
   1.5750000e-02   3.5316912e+01
   1.5800000e-02   3.4962107e+01
   1.5850000e-02   3.4749923e+01
   1.5900000e-02   3.4921210e+01
   1.5950000e-02   3.4161053e+01
   1.6000000e-02   3.5365515e+01
   1.6050000e-02   3.5025023e+01
   1.6100000e-02   3.5570994e+01
   1.6150000e-02   3.4957137e+01
   1.6200000e-02   3.3885771e+01
   1.6250000e-02   3.5412308e+01
   1.6300000e-02   3.4993252e+01
   1.6350000e-02   3.5635877e+01
   1.6400000e-02   3.5192613e+01
   1.6450000e-02   3.4484120e+01
   1.6500000e-02   3.4539411e+01
   1.6550000e-02   3.5192395e+01
   1.6600000e-02   3.5398381e+01
   1.6650000e-02   3.4950536e+01
   1.6700000e-02   3.4945169e+01
   1.6750000e-02   3.4918733e+01
   1.6800000e-02   3.4621019e+01
   1.6850000e-02   3.5493997e+01
   1.6900000e-02   3.4780449e+01
   1.6950000e-02   3.4632287e+01
   1.7000000e-02   3.4486192e+01
   1.7050000e-02   3.5476516e+01
   1.7100000e-02   3.4767378e+01
   1.7150000e-02   3.4678427e+01
   1.7200000e-02   3.4813469e+01
   1.7250000e-02   3.4615462e+01
   1.7300000e-02   3.4854180e+01
   1.7350000e-02   3.4769226e+01
   1.7400000e-02   3.4718198e+01
   1.7450000e-02   3.4878060e+01
   1.7500000e-02   3.5365648e+01
   1.7550000e-02   3.4165247e+01
   1.7600000e-02   3.5028141e+01
   1.7650000e-02   3.4388307e+01
   1.7700000e-02   3.3387715e+01
   1.7750000e-02   3.4885144e+01
   1.7800000e-02   3.5328719e+01
   1.7850000e-02   3.5420459e+01
   1.7900000e-02   3.5374261e+01
   1.7950000e-02   3.5146492e+01
   1.8000000e-02   3.4425678e+01
   1.8050000e-02   3.5463558e+01
   1.8100000e-02   3.4488805e+01
   1.8150000e-02   3.4866469e+01
   1.8200000e-02   3.4990262e+01
   1.8250000e-02   3.4510861e+01
   1.8300000e-02   3.4791792e+01
   1.8350000e-02   3.4485519e+01
   1.8400000e-02   3.5941590e+01
   1.8450000e-02   3.4523145e+01
   1.8500000e-02   3.4933968e+01
   1.8550000e-02   3.4762581e+01
   1.8600000e-02   3.4801993e+01
   1.8650000e-02   3.4837883e+01
   1.8700000e-02   3.5078281e+01
   1.8750000e-02   3.5380481e+01
   1.8800000e-02   3.4071611e+01
   1.8850000e-02   3.5070250e+01
   1.8900000e-02   3.5099050e+01
   1.8950000e-02   3.4704612e+01
   1.9000000e-02   3.4042107e+01
   1.9050000e-02   3.5870174e+01
   1.9100000e-02   3.4719181e+01
   1.9150000e-02   3.5347026e+01
   1.9200000e-02   3.4936057e+01
   1.9250000e-02   3.5338496e+01
   1.9300000e-02   3.4836082e+01
   1.9350000e-02   3.4942395e+01
   1.9400000e-02   3.5138805e+01
   1.9450000e-02   3.5163696e+01
   1.9500000e-02   3.5285160e+01
   1.9550000e-02   3.4639086e+01
   1.9600000e-02   3.5229092e+01
   1.9650000e-02   3.4879060e+01
   1.9700000e-02   3.4238592e+01
   1.9750000e-02   3.4961794e+01
   1.9800000e-02   3.5384414e+01
   1.9850000e-02   3.5290532e+01
   1.9900000e-02   3.5183386e+01
   1.9950000e-02   3.5241131e+01
   2.0000000e-02   3.5049756e+01
   2.0050000e-02   3.5567010e+01
   2.0100000e-02   3.5585245e+01
   2.0150000e-02   3.4739546e+01
   2.0200000e-02   3.4674945e+01
   2.0250000e-02   3.4793010e+01
   2.0300000e-02   3.4791856e+01
   2.0350000e-02   3.4338062e+01
   2.0400000e-02   3.4918752e+01
   2.0450000e-02   3.5127497e+01
   2.0500000e-02   3.5057993e+01
   2.0550000e-02   3.5704549e+01
   2.0600000e-02   3.5011647e+01
   2.0650000e-02   3.5011186e+01
   2.0700000e-02   3.5114698e+01
   2.0750000e-02   3.4657447e+01
   2.0800000e-02   3.5241024e+01
   2.0850000e-02   3.5643413e+01
   2.0900000e-02   3.5425798e+01
   2.0950000e-02   3.5578824e+01
   2.1000000e-02   3.5015217e+01
   2.1050000e-02   3.4442612e+01
   2.1100000e-02   3.4187737e+01
   2.1150000e-02   3.5200412e+01
   2.1200000e-02   3.5273163e+01
   2.1250000e-02   3.4799752e+01
   2.1300000e-02   3.5080771e+01
   2.1350000e-02   3.4549278e+01
   2.1400000e-02   3.4747603e+01
   2.1450000e-02   3.5595900e+01
   2.1500000e-02   3.5332412e+01
   2.1550000e-02   3.4539224e+01
   2.1600000e-02   3.5114638e+01
   2.1650000e-02   3.4030048e+01
   2.1700000e-02   3.5131510e+01
   2.1750000e-02   3.5178903e+01
   2.1800000e-02   3.4531510e+01
   2.1850000e-02   3.4241829e+01
   2.1900000e-02   3.5511719e+01
   2.1950000e-02   3.5676813e+01
   2.2000000e-02   3.4932474e+01
   2.2050000e-02   3.4753155e+01
   2.2100000e-02   3.4409837e+01
   2.2150000e-02   3.5214315e+01
   2.2200000e-02   3.4834250e+01
   2.2250000e-02   3.4361756e+01
   2.2300000e-02   3.4791184e+01
   2.2350000e-02   3.5310611e+01
   2.2400000e-02   3.4884484e+01
   2.2450000e-02   3.5097370e+01
   2.2500000e-02   3.4626021e+01
   2.2550000e-02   3.4797370e+01
   2.2600000e-02   3.5398665e+01
   2.2650000e-02   3.4956049e+01
   2.2700000e-02   3.5281819e+01
   2.2750000e-02   3.5299474e+01
   2.2800000e-02   3.5033365e+01
   2.2850000e-02   3.5372845e+01
   2.2900000e-02   3.5187739e+01
   2.2950000e-02   3.4554170e+01
   2.3000000e-02   3.5495131e+01
   2.3050000e-02   3.4727660e+01
   2.3100000e-02   3.4103504e+01
   2.3150000e-02   3.5297376e+01
   2.3200000e-02   3.4655940e+01
   2.3250000e-02   3.5699324e+01
   2.3300000e-02   3.4345597e+01
   2.3350000e-02   3.4131773e+01
   2.3400000e-02   3.4652198e+01
   2.3450000e-02   3.4705671e+01
   2.3500000e-02   3.5012590e+01
   2.3550000e-02   3.5363889e+01
   2.3600000e-02   3.5418476e+01
   2.3650000e-02   3.4577610e+01
   2.3700000e-02   3.4922086e+01
   2.3750000e-02   3.4661825e+01
   2.3800000e-02   3.5424528e+01
   2.3850000e-02   3.5520477e+01
   2.3900000e-02   3.5207059e+01
   2.3950000e-02   3.4309235e+01
   2.4000000e-02   3.4907873e+01
   2.4050000e-02   3.5424875e+01
   2.4100000e-02   3.5039328e+01
   2.4150000e-02   3.4961192e+01
   2.4200000e-02   3.5054618e+01
   2.4250000e-02   3.5573552e+01
   2.4300000e-02   3.5104133e+01
   2.4350000e-02   3.4337675e+01
   2.4400000e-02   3.4198787e+01
   2.4450000e-02   3.4880090e+01
   2.4500000e-02   3.5436424e+01
   2.4550000e-02   3.5228461e+01
   2.4600000e-02   3.5030688e+01
   2.4650000e-02   3.4564697e+01
   2.4700000e-02   3.5274428e+01
   2.4750000e-02   3.4720965e+01
   2.4800000e-02   3.4568639e+01
   2.4850000e-02   3.4957090e+01
   2.4900000e-02   3.4691564e+01
   2.4950000e-02   3.4876065e+01
   2.5000000e-02   3.5558659e+01
   2.5050000e-02   3.4625656e+01
   2.5100000e-02   3.4336610e+01
   2.5150000e-02   3.4646133e+01
   2.5200000e-02   3.5057552e+01
   2.5250000e-02   3.5862410e+01
   2.5300000e-02   3.5299245e+01
   2.5350000e-02   3.4973249e+01
   2.5400000e-02   3.5208442e+01
   2.5450000e-02   3.5363995e+01
   2.5500000e-02   3.5211359e+01
   2.5550000e-02   3.4600813e+01
   2.5600000e-02   3.5756667e+01
   2.5650000e-02   3.4492319e+01
   2.5700000e-02   3.4957994e+01
   2.5750000e-02   3.4372882e+01
   2.5800000e-02   3.5154715e+01
   2.5850000e-02   3.4906679e+01
   2.5900000e-02   3.4872119e+01
   2.5950000e-02   3.5472588e+01
   2.6000000e-02   3.4560122e+01
   2.6050000e-02   3.5830756e+01
   2.6100000e-02   3.5408136e+01
   2.6150000e-02   3.5049004e+01
   2.6200000e-02   3.4715748e+01
   2.6250000e-02   3.5392916e+01
   2.6300000e-02   3.5141962e+01
   2.6350000e-02   3.4910379e+01
   2.6400000e-02   3.5658480e+01
   2.6450000e-02   3.5469880e+01
   2.6500000e-02   3.4784828e+01
   2.6550000e-02   3.5608465e+01
   2.6600000e-02   3.4818923e+01
   2.6650000e-02   3.4246884e+01
   2.6700000e-02   3.4817118e+01
   2.6750000e-02   3.5149004e+01
   2.6800000e-02   3.4974693e+01
   2.6850000e-02   3.4629576e+01
   2.6900000e-02   3.4268579e+01
   2.6950000e-02   3.5241294e+01
   2.7000000e-02   3.4869070e+01
   2.7050000e-02   3.4869758e+01
   2.7100000e-02   3.4284318e+01
   2.7150000e-02   3.5458119e+01
   2.7200000e-02   3.4906357e+01
   2.7250000e-02   3.5585927e+01
   2.7300000e-02   3.4575617e+01
   2.7350000e-02   3.5410848e+01
   2.7400000e-02   3.4609426e+01
   2.7450000e-02   3.4123944e+01
   2.7500000e-02   3.4899877e+01
   2.7550000e-02   3.4901488e+01
   2.7600000e-02   3.5224347e+01
   2.7650000e-02   3.5083122e+01
   2.7700000e-02   3.5525685e+01
   2.7750000e-02   3.5037448e+01
   2.7800000e-02   3.4944047e+01
   2.7850000e-02   3.4174404e+01
   2.7900000e-02   3.4733208e+01
   2.7950000e-02   3.5008133e+01
   2.8000000e-02   3.5103620e+01
   2.8050000e-02   3.4306523e+01
   2.8100000e-02   3.5471577e+01
   2.8150000e-02   3.5374498e+01
   2.8200000e-02   3.4483006e+01
   2.8250000e-02   3.4106535e+01
   2.8300000e-02   3.5181049e+01
   2.8350000e-02   3.4971039e+01
   2.8400000e-02   3.4954404e+01
   2.8450000e-02   3.4374785e+01
   2.8500000e-02   3.5961330e+01
   2.8550000e-02   3.4653164e+01
   2.8600000e-02   3.5028770e+01
   2.8650000e-02   3.4590135e+01
   2.8700000e-02   3.3952025e+01
   2.8750000e-02   3.4694615e+01
   2.8800000e-02   3.5188557e+01
   2.8850000e-02   3.4588657e+01
   2.8900000e-02   3.4722696e+01
   2.8950000e-02   3.4866118e+01
   2.9000000e-02   3.5377266e+01
   2.9050000e-02   3.5132574e+01
   2.9100000e-02   3.5301010e+01
   2.9150000e-02   3.5283197e+01
   2.9200000e-02   3.4741920e+01
   2.9250000e-02   3.5678538e+01
   2.9300000e-02   3.5298116e+01
   2.9350000e-02   3.4267233e+01
   2.9400000e-02   3.5367714e+01
   2.9450000e-02   3.4422063e+01
   2.9500000e-02   3.5500744e+01
   2.9550000e-02   3.5075060e+01
   2.9600000e-02   3.5091739e+01
   2.9650000e-02   3.5253071e+01
   2.9700000e-02   3.5460102e+01
   2.9750000e-02   3.4817231e+01
   2.9800000e-02   3.4631849e+01
   2.9850000e-02   3.5600274e+01
   2.9900000e-02   3.5323402e+01
   2.9950000e-02   3.4172164e+01
   3.0000000e-02   3.5001211e+01
   3.0050000e-02   3.4934758e+01
   3.0100000e-02   3.4565639e+01
   3.0150000e-02   3.4716660e+01
   3.0200000e-02   3.5313793e+01
   3.0250000e-02   3.5964018e+01
   3.0300000e-02   3.5479253e+01
   3.0350000e-02   3.4726273e+01
   3.0400000e-02   3.4892554e+01
   3.0450000e-02   3.4852460e+01
   3.0500000e-02   3.5010686e+01
   3.0550000e-02   3.4920020e+01
   3.0600000e-02   3.4712749e+01
   3.0650000e-02   3.4890519e+01
   3.0700000e-02   3.4733623e+01
   3.0750000e-02   3.5573180e+01
   3.0800000e-02   3.5273470e+01
   3.0850000e-02   3.5348747e+01
   3.0900000e-02   3.4938253e+01
   3.0950000e-02   3.4866685e+01
   3.1000000e-02   3.5311896e+01
   3.1050000e-02   3.4386136e+01
   3.1100000e-02   3.5805033e+01
   3.1150000e-02   3.5579160e+01
   3.1200000e-02   3.5804084e+01
   3.1250000e-02   3.5061343e+01
   3.1300000e-02   3.5345899e+01
   3.1350000e-02   3.4311480e+01
   3.1400000e-02   3.4465774e+01
   3.1450000e-02   3.4953171e+01
   3.1500000e-02   3.4506834e+01
   3.1550000e-02   3.4747613e+01
   3.1600000e-02   3.5085585e+01
   3.1650000e-02   3.5009002e+01
   3.1700000e-02   3.4828627e+01
   3.1750000e-02   3.4117512e+01
   3.1800000e-02   3.4745059e+01
   3.1850000e-02   3.4449929e+01
   3.1900000e-02   3.5010416e+01
   3.1950000e-02   3.4635721e+01
   3.2000000e-02   3.5443208e+01
   3.2050000e-02   3.4941297e+01
   3.2100000e-02   3.5257237e+01
   3.2150000e-02   3.5047491e+01
   3.2200000e-02   3.5216327e+01
   3.2250000e-02   3.4363719e+01
   3.2300000e-02   3.5253478e+01
   3.2350000e-02   3.4821395e+01
   3.2400000e-02   3.4409476e+01
   3.2450000e-02   3.5103318e+01
   3.2500000e-02   3.4417937e+01
   3.2550000e-02   3.5522560e+01
   3.2600000e-02   3.4470764e+01
   3.2650000e-02   3.5291080e+01
   3.2700000e-02   3.5564934e+01
   3.2750000e-02   3.5232717e+01
   3.2800000e-02   3.4162543e+01
   3.2850000e-02   3.4619710e+01
   3.2900000e-02   3.5547520e+01
   3.2950000e-02   3.5240403e+01
   3.3000000e-02   3.5631319e+01
   3.3050000e-02   3.5275650e+01
   3.3100000e-02   3.5439774e+01
   3.3150000e-02   3.5278540e+01
   3.3200000e-02   3.4827023e+01
   3.3250000e-02   3.5226739e+01
   3.3300000e-02   3.5122357e+01
   3.3350000e-02   3.5716207e+01
   3.3400000e-02   3.5382382e+01
   3.3450000e-02   3.4519865e+01
   3.3500000e-02   3.5556632e+01
   3.3550000e-02   3.5072561e+01
   3.3600000e-02   3.5153642e+01
   3.3650000e-02   3.5059692e+01
   3.3700000e-02   3.5364735e+01
   3.3750000e-02   3.5250606e+01
   3.3800000e-02   3.4644059e+01
   3.3850000e-02   3.4472513e+01
   3.3900000e-02   3.4974302e+01
   3.3950000e-02   3.5517053e+01
   3.4000000e-02   3.5621189e+01
   3.4050000e-02   3.4922429e+01
   3.4100000e-02   3.5101951e+01
   3.4150000e-02   3.5449619e+01
   3.4200000e-02   3.4911761e+01
   3.4250000e-02   3.4940027e+01
   3.4300000e-02   3.5052383e+01
   3.4350000e-02   3.4968795e+01
   3.4400000e-02   3.5024166e+01
   3.4450000e-02   3.5343426e+01
   3.4500000e-02   3.5011746e+01
   3.4550000e-02   3.5211023e+01
   3.4600000e-02   3.5316527e+01
   3.4650000e-02   3.3976022e+01
   3.4700000e-02   3.5041282e+01
   3.4750000e-02   3.5158907e+01
   3.4800000e-02   3.5933178e+01
   3.4850000e-02   3.5277385e+01
   3.4900000e-02   3.4763500e+01
   3.4950000e-02   3.4499675e+01
   3.5000000e-02   3.5674172e+01
   3.5050000e-02   3.4949241e+01
   3.5100000e-02   3.4019068e+01
   3.5150000e-02   3.5227117e+01
   3.5200000e-02   3.4791149e+01
   3.5250000e-02   3.5688320e+01
   3.5300000e-02   3.5037652e+01
   3.5350000e-02   3.4743741e+01
   3.5400000e-02   3.4190779e+01
   3.5450000e-02   3.4882634e+01
   3.5500000e-02   3.4340497e+01
   3.5550000e-02   3.4303397e+01
   3.5600000e-02   3.5665394e+01
   3.5650000e-02   3.4996470e+01
   3.5700000e-02   3.4617480e+01
   3.5750000e-02   3.5154985e+01
   3.5800000e-02   3.4922138e+01
   3.5850000e-02   3.5469425e+01
   3.5900000e-02   3.4093146e+01
   3.5950000e-02   3.5350369e+01
   3.6000000e-02   3.5364117e+01
   3.6050000e-02   3.5070486e+01
   3.6100000e-02   3.4927844e+01
   3.6150000e-02   3.4698325e+01
   3.6200000e-02   3.4851765e+01
   3.6250000e-02   3.5256098e+01
   3.6300000e-02   3.4909368e+01
   3.6350000e-02   3.4572572e+01
   3.6400000e-02   3.4802374e+01
   3.6450000e-02   3.5246432e+01
   3.6500000e-02   3.5281285e+01
   3.6550000e-02   3.4400876e+01
   3.6600000e-02   3.4873101e+01
   3.6650000e-02   3.5104164e+01
   3.6700000e-02   3.5152981e+01
   3.6750000e-02   3.4832332e+01
   3.6800000e-02   3.5665190e+01
   3.6850000e-02   3.4755350e+01
   3.6900000e-02   3.4868783e+01
   3.6950000e-02   3.5087441e+01
   3.7000000e-02   3.5285284e+01
   3.7050000e-02   3.4786865e+01
   3.7100000e-02   3.5114587e+01
   3.7150000e-02   3.4593878e+01
   3.7200000e-02   3.5034289e+01
   3.7250000e-02   3.5483566e+01
   3.7300000e-02   3.5331722e+01
   3.7350000e-02   3.5045295e+01
   3.7400000e-02   3.6034654e+01
   3.7450000e-02   3.4858527e+01
   3.7500000e-02   3.4659572e+01
   3.7550000e-02   3.5083877e+01
   3.7600000e-02   3.4760853e+01
   3.7650000e-02   3.4863111e+01
   3.7700000e-02   3.5380801e+01
   3.7750000e-02   3.4145663e+01
   3.7800000e-02   3.5473622e+01
   3.7850000e-02   3.3618190e+01
   3.7900000e-02   3.4710854e+01
   3.7950000e-02   3.5777365e+01
   3.8000000e-02   3.4963171e+01
   3.8050000e-02   3.4641095e+01
   3.8100000e-02   3.5387092e+01
   3.8150000e-02   3.5151776e+01
   3.8200000e-02   3.5071647e+01
   3.8250000e-02   3.5113716e+01
   3.8300000e-02   3.5160605e+01
   3.8350000e-02   3.5605841e+01
   3.8400000e-02   3.5201977e+01
   3.8450000e-02   3.6675113e+01
   3.8500000e-02   3.5339773e+01
   3.8550000e-02   3.5637969e+01
   3.8600000e-02   3.4507483e+01
   3.8650000e-02   3.5091627e+01
   3.8700000e-02   3.4846096e+01
   3.8750000e-02   3.5047095e+01
   3.8800000e-02   3.4752554e+01
   3.8850000e-02   3.4632789e+01
   3.8900000e-02   3.5612470e+01
   3.8950000e-02   3.5569235e+01
   3.9000000e-02   3.5054955e+01
   3.9050000e-02   3.5101100e+01
   3.9100000e-02   3.5390147e+01
   3.9150000e-02   3.5296862e+01
   3.9200000e-02   3.4783721e+01
   3.9250000e-02   3.3938271e+01
   3.9300000e-02   3.4897675e+01
   3.9350000e-02   3.4417762e+01
   3.9400000e-02   3.4742004e+01
   3.9450000e-02   3.6763762e+01
   3.9500000e-02   3.4575191e+01
   3.9550000e-02   3.4385209e+01
   3.9600000e-02   3.5017535e+01
   3.9650000e-02   3.4164837e+01
   3.9700000e-02   3.4588692e+01
   3.9750000e-02   3.5198837e+01
   3.9800000e-02   3.5157386e+01
   3.9850000e-02   3.5400520e+01
   3.9900000e-02   3.4198478e+01
   3.9950000e-02   3.5675031e+01
   4.0000000e-02   3.5296226e+01
   4.0050000e-02   3.5963972e+01
   4.0100000e-02   3.4666446e+01
   4.0150000e-02   3.4713545e+01
   4.0200000e-02   3.4421870e+01
   4.0250000e-02   3.5035492e+01
   4.0300000e-02   3.4051375e+01
   4.0350000e-02   3.5255574e+01
   4.0400000e-02   3.4835909e+01
   4.0450000e-02   3.4892261e+01
   4.0500000e-02   3.5023070e+01
   4.0550000e-02   3.5320276e+01
   4.0600000e-02   3.4240217e+01
   4.0650000e-02   3.5140580e+01
   4.0700000e-02   3.5091591e+01
   4.0750000e-02   3.4720682e+01
   4.0800000e-02   3.4874352e+01
   4.0850000e-02   3.4424347e+01
   4.0900000e-02   3.5086303e+01
   4.0950000e-02   3.4549671e+01
   4.1000000e-02   3.4931385e+01
   4.1050000e-02   3.4490489e+01
   4.1100000e-02   3.4972061e+01
   4.1150000e-02   3.4330354e+01
   4.1200000e-02   3.4840312e+01
   4.1250000e-02   3.5520775e+01
   4.1300000e-02   3.5234831e+01
   4.1350000e-02   3.5189285e+01
   4.1400000e-02   3.4865825e+01
   4.1450000e-02   3.5541263e+01
   4.1500000e-02   3.5446332e+01
   4.1550000e-02   3.5539583e+01
   4.1600000e-02   3.4933297e+01
   4.1650000e-02   3.5359101e+01
   4.1700000e-02   3.5633386e+01
   4.1750000e-02   3.4897819e+01
   4.1800000e-02   3.4678997e+01
   4.1850000e-02   3.5497716e+01
   4.1900000e-02   3.5231443e+01
   4.1950000e-02   3.5115240e+01
   4.2000000e-02   3.4473367e+01
   4.2050000e-02   3.4870035e+01
   4.2100000e-02   3.5447891e+01
   4.2150000e-02   3.4811690e+01
   4.2200000e-02   3.5140110e+01
   4.2250000e-02   3.5054564e+01
   4.2300000e-02   3.5371634e+01
   4.2350000e-02   3.4459788e+01
   4.2400000e-02   3.5458920e+01
   4.2450000e-02   3.5174421e+01
   4.2500000e-02   3.5040113e+01
   4.2550000e-02   3.5083524e+01
   4.2600000e-02   3.4558017e+01
   4.2650000e-02   3.4956169e+01
   4.2700000e-02   3.4740372e+01
   4.2750000e-02   3.5219690e+01
   4.2800000e-02   3.4799906e+01
   4.2850000e-02   3.5583136e+01
   4.2900000e-02   3.5123792e+01
   4.2950000e-02   3.5061220e+01
   4.3000000e-02   3.4639626e+01
   4.3050000e-02   3.5591508e+01
   4.3100000e-02   3.5522680e+01
   4.3150000e-02   3.4986278e+01
   4.3200000e-02   3.5171221e+01
   4.3250000e-02   3.6003367e+01
   4.3300000e-02   3.4965659e+01
   4.3350000e-02   3.4801426e+01
   4.3400000e-02   3.4826416e+01
   4.3450000e-02   3.5762933e+01
   4.3500000e-02   3.5094254e+01
   4.3550000e-02   3.5121357e+01
   4.3600000e-02   3.5195222e+01
   4.3650000e-02   3.5182417e+01
   4.3700000e-02   3.4155514e+01
   4.3750000e-02   3.4332302e+01
   4.3800000e-02   3.4866108e+01
   4.3850000e-02   3.5146067e+01
   4.3900000e-02   3.4841916e+01
   4.3950000e-02   3.4645068e+01
   4.4000000e-02   3.4284895e+01
   4.4050000e-02   3.5105373e+01
   4.4100000e-02   3.6099722e+01
   4.4150000e-02   3.5027312e+01
   4.4200000e-02   3.4393661e+01
   4.4250000e-02   3.4956901e+01
   4.4300000e-02   3.4921948e+01
   4.4350000e-02   3.5157054e+01
   4.4400000e-02   3.5556500e+01
   4.4450000e-02   3.5067040e+01
   4.4500000e-02   3.5220342e+01
   4.4550000e-02   3.4919200e+01
   4.4600000e-02   3.4776377e+01
   4.4650000e-02   3.4648476e+01
   4.4700000e-02   3.5662714e+01
   4.4750000e-02   3.5425061e+01
   4.4800000e-02   3.4678987e+01
   4.4850000e-02   3.4444030e+01
   4.4900000e-02   3.5755889e+01
   4.4950000e-02   3.4396078e+01
   4.5000000e-02   3.4876759e+01
   4.5050000e-02   3.4852255e+01
   4.5100000e-02   3.5292370e+01
   4.5150000e-02   3.5400231e+01
   4.5200000e-02   3.5266802e+01
   4.5250000e-02   3.4544493e+01
   4.5300000e-02   3.5320283e+01
   4.5350000e-02   3.4616666e+01
   4.5400000e-02   3.4947783e+01
   4.5450000e-02   3.5640554e+01
   4.5500000e-02   3.5254477e+01
   4.5550000e-02   3.4509942e+01
   4.5600000e-02   3.5225577e+01
   4.5650000e-02   3.5286931e+01
   4.5700000e-02   3.4575619e+01
   4.5750000e-02   3.4930736e+01
   4.5800000e-02   3.5395313e+01
   4.5850000e-02   3.5511135e+01
   4.5900000e-02   3.4869962e+01
   4.5950000e-02   3.5390312e+01
   4.6000000e-02   3.5655821e+01
   4.6050000e-02   3.3883118e+01
   4.6100000e-02   3.4556849e+01
   4.6150000e-02   3.4905440e+01
   4.6200000e-02   3.4416316e+01
   4.6250000e-02   3.4418888e+01
   4.6300000e-02   3.4516022e+01
   4.6350000e-02   3.5051749e+01
   4.6400000e-02   3.4700076e+01
   4.6450000e-02   3.4712995e+01
   4.6500000e-02   3.4967972e+01
   4.6550000e-02   3.6087087e+01
   4.6600000e-02   3.5565142e+01
   4.6650000e-02   3.4908643e+01
   4.6700000e-02   3.5338202e+01
   4.6750000e-02   3.5499467e+01
   4.6800000e-02   3.5148049e+01
   4.6850000e-02   3.4481522e+01
   4.6900000e-02   3.6074001e+01
   4.6950000e-02   3.4767676e+01
   4.7000000e-02   3.5119423e+01
   4.7050000e-02   3.5194454e+01
   4.7100000e-02   3.5205143e+01
   4.7150000e-02   3.4619952e+01
   4.7200000e-02   3.5116622e+01
   4.7250000e-02   3.5198778e+01
   4.7300000e-02   3.4612137e+01
   4.7350000e-02   3.4982433e+01
   4.7400000e-02   3.5189318e+01
   4.7450000e-02   3.4759938e+01
   4.7500000e-02   3.4586261e+01
   4.7550000e-02   3.4856603e+01
   4.7600000e-02   3.5168651e+01
   4.7650000e-02   3.4429909e+01
   4.7700000e-02   3.4566622e+01
   4.7750000e-02   3.4502549e+01
   4.7800000e-02   3.5546686e+01
   4.7850000e-02   3.5168497e+01
   4.7900000e-02   3.5354991e+01
   4.7950000e-02   3.5549120e+01
   4.8000000e-02   3.4451218e+01
   4.8050000e-02   3.4791922e+01
   4.8100000e-02   3.5407980e+01
   4.8150000e-02   3.4820852e+01
   4.8200000e-02   3.6058978e+01
   4.8250000e-02   3.4675404e+01
   4.8300000e-02   3.3850033e+01
   4.8350000e-02   3.4743395e+01
   4.8400000e-02   3.6194548e+01
   4.8450000e-02   3.5666331e+01
   4.8500000e-02   3.4751477e+01
   4.8550000e-02   3.6020031e+01
   4.8600000e-02   3.5231983e+01
   4.8650000e-02   3.5268693e+01
   4.8700000e-02   3.5080173e+01
   4.8750000e-02   3.5580719e+01
   4.8800000e-02   3.4882984e+01
   4.8850000e-02   3.4610365e+01
   4.8900000e-02   3.4933108e+01
   4.8950000e-02   3.4627973e+01
   4.9000000e-02   3.5068940e+01
   4.9050000e-02   3.5309081e+01
   4.9100000e-02   3.4714611e+01
   4.9150000e-02   3.4080749e+01
   4.9200000e-02   3.6446559e+01
   4.9250000e-02   3.4685880e+01
   4.9300000e-02   3.4667034e+01
   4.9350000e-02   3.4232897e+01
   4.9400000e-02   3.5661531e+01
   4.9450000e-02   3.3917643e+01
   4.9500000e-02   3.5424947e+01
   4.9550000e-02   3.5159666e+01
   4.9600000e-02   3.5608720e+01
   4.9650000e-02   3.4915460e+01
   4.9700000e-02   3.5354449e+01
   4.9750000e-02   3.5136337e+01
   4.9800000e-02   3.5107910e+01
   4.9850000e-02   3.4813767e+01
   4.9900000e-02   3.4975604e+01
   4.9950000e-02   3.4331624e+01
   5.0000000e-02   3.5255163e+01
